# Universe 3. Values shown are for the Exit End of each Element:
name      key                        s     length         angle       x_pitch     magnet x     magnet z  magnet theta      orbit x      orbit z   orbit theta dispersion dispersion       beta x     alpha x       beta y     alpha y        field  gradient
#                                  (m)        (m)         [rad]                        (m)          (m)           (m)          (m)          (m)           (m)        (m) derivative          (m)                      (m)                      (T)     (T/m)
MROT4     Marker           -102.535964   0.000000             0 +0.0000000000    -0.059397  -102.532018  0.0383970000    -0.059397  -102.532018  0.0383970000  +0.337153  +0.013413    16.127564   +0.055802    14.851570   +0.127580            0         0
ODF60_5   Drift            -102.216059   0.319905             0 +0.0000000000    -0.047116  -102.212349  0.0383970000    -0.047116  -102.212349  0.0383970000  +0.341443  +0.013413    16.098227   +0.035904    14.776946   +0.105689            0         0
Q13EF_5   Quadrupole       -101.616059   0.600000             0 +0.0000000000    -0.024084  -101.612791  0.0383970000    -0.024084  -101.612791  0.0383970000  +0.331913  -0.044908    14.477093   +2.572540    16.242372   -2.631383            0 -17.18540
ODEF_5    Drift            -101.116059   0.500000             0 +0.0000000000    -0.004890  -101.113159  0.0383970000    -0.004890  -101.113159  0.0383970000  +0.309459  -0.044908    12.036105   +2.309436    18.995722   -2.875318            0         0
D2EF_5    Sbend             -98.192757   2.923301 +0.0140299444 +0.0000000000     0.086833   -98.191322  0.0243670556     0.086833   -98.191322  0.0243670556  +0.198689  -0.030878     3.030710   +0.771222    39.970359   -4.298959 -0.288160343  +0.00000
ODEF_5    Drift             -97.692757   0.500000             0 +0.0000000000     0.099016   -97.691470  0.0243670556     0.099016   -97.691470  0.0243670556  +0.183250  -0.030878     2.391040   +0.508118    44.391166   -4.542653            0         0
Q12EF_5   Quadrupole        -97.092757   0.600000             0 +0.0000000000     0.113634   -97.091648  0.0243670556     0.113634   -97.091648  0.0243670556  +0.175449  +0.004613     2.226871   -0.223653    44.471602   +4.413995            0 +20.00000
ODEF_5    Drift             -96.592757   0.500000             0 +0.0000000000     0.125817   -96.591797  0.0243670556     0.125817   -96.591797  0.0243670556  +0.177755  +0.004613     2.568405   -0.459415    40.172756   +4.183698            0         0
D2EF_5    Sbend             -93.669456   2.923301 +0.0140299444 +0.0000000000     0.176539   -93.668960  0.0103371112     0.176539   -93.668960  0.0103371112  +0.211747  +0.018643     9.283556   -1.837773    19.642932   +2.838433 -0.288160343  +0.00000
ODEF_5    Drift             -93.169456   0.500000             0 +0.0000000000     0.181708   -93.168986  0.0103371112     0.181708   -93.168986  0.0103371112  +0.221068  +0.018643    11.239210   -2.073534    16.919765   +2.607900            0         0
Q11EF_5   Quadrupole        -92.569456   0.600000             0 +0.0000000000     0.187910   -92.569019  0.0103371112     0.187910   -92.569019  0.0103371112  +0.218909  -0.025769    12.401564   +0.214340    15.818134   -0.699037            0 -20.00000
ODEF_5    Drift             -92.069456   0.500000             0 +0.0000000000     0.193078   -92.069045  0.0103371112     0.193078   -92.069045  0.0103371112  +0.206025  -0.025769    12.208309   +0.172170    16.540699   -0.746092            0         0
D2EF_5    Sbend             -89.146155   2.923301 +0.0140299444 +0.0000000000     0.202790   -89.145784 -0.0036928331     0.202790   -89.145784 -0.0036928331  +0.151204  -0.011739    11.922423   -0.074371    21.703359   -1.019771 -0.288160343  +0.00000
ODEF_5    Drift             -88.646155   0.500000             0 +0.0000000000     0.200943   -88.645788 -0.0036928331     0.200943   -88.645788 -0.0036928331  +0.145335  -0.011739    12.017879   -0.116541    22.746628   -1.066767            0         0
Q10EF_5   Quadrupole        -88.046155   0.600000             0 +0.0000000000     0.198728   -88.045792 -0.0036928331     0.198728   -88.045792 -0.0036928331  +0.141536  -0.000969    12.744474   -1.112649    23.008682   +0.636615            0  +7.54161
OMEF_5    Drift             -83.546155   4.500000             0 +0.0000000000     0.182110   -83.545823 -0.0036928331     0.182110   -83.545823 -0.0036928331  +0.137175  -0.000969    26.314312   -1.902870    18.515939   +0.361773            0         0
Q9EF_5    Quadrupole        -82.946155   0.600000             0 +0.0000000000     0.179894   -82.945827 -0.0036928331     0.179894   -82.945827 -0.0036928331  +0.131839  -0.016712    26.759927   +1.177543    19.406886   -1.881081            0 -11.64394
OMEF_5    Drift             -78.446155   4.500000             0 +0.0000000000     0.163276   -78.445857 -0.0036928331     0.163276   -78.445857 -0.0036928331  +0.056635  -0.016712    17.968057   +0.776206    41.072250   -2.933444            0         0
Q8EF_5    Quadrupole        -77.846155   0.600000             0 +0.0000000000     0.161061   -77.845861 -0.0036928331     0.161061   -77.845861 -0.0036928331  +0.049495  -0.007302    19.000528   -2.558127    40.173751   +4.376974            0 +17.90284
OMEF_5    Drift             -73.346155   4.500000             0 +0.0000000000     0.144443   -73.345892 -0.0036928331     0.144443   -73.345892 -0.0036928331  +0.016633  -0.007302    50.063771   -4.344816    10.941788   +2.119018            0         0
Q7EF_5    Quadrupole        -72.746155   0.600000             0 +0.0000000000     0.142227   -72.745896 -0.0036928331     0.142227   -72.745896 -0.0036928331  +0.011352  -0.010127    49.240605   +5.661476     9.744123   -0.043751            0 -20.00000
OMEF_5    Drift             -68.246155   4.500000             0 +0.0000000000     0.125610   -68.245927 -0.0036928331     0.125610   -68.245927 -0.0036928331  -0.034221  -0.010127    11.879952   +2.640892    12.220039   -0.506452            0         0
Q6EF_5    Quadrupole        -67.646155   0.600000             0 +0.0000000000     0.123394   -67.645931 -0.0036928331     0.123394   -67.645931 -0.0036928331  -0.041996  -0.015989     9.899556   +0.761470    11.724900   +1.305940            0 +15.51231
OMEF_5    Drift             -63.146155   4.500000             0 +0.0000000000     0.106776   -63.145962 -0.0036928331     0.106776   -63.145962 -0.0036928331  -0.113949  -0.015989     6.277956   +0.043330     4.644055   +0.267581            0         0
Q5EF_5    Quadrupole        -62.546155   0.600000             0 +0.0000000000     0.104561   -62.545966 -0.0036928331     0.104561   -62.545966 -0.0036928331  -0.116588  +0.007281     5.561991   +1.101861     4.962629   -0.819593            0 -20.00000
O5EF_5    Drift             -54.546155   8.000000             0 +0.0000000000     0.075018   -54.546020 -0.0036928331     0.075018   -54.546020 -0.0036928331  -0.058338  +0.007281    13.409107   -2.082751    39.635426   -3.514507            0         0
Q4EF_5    Quadrupole        -53.946155   0.600000             0 +0.0000000000     0.072802   -53.946024 -0.0036928331     0.072802   -53.946024 -0.0036928331  -0.055512  +0.002181    16.882501   -3.810069    41.719638   +0.103575            0  +9.00640
O4EF_5    Drift             -41.993279  11.952877             0 +0.0000000000     0.028662   -41.993229 -0.0036928331     0.028662   -41.993229 -0.0036928331  -0.029444  +0.002181   239.277392  -14.795903    42.704886   -0.186003            0         0
Q3EF_5    Quadrupole        -41.393279   0.600000             0 +0.0000000000     0.026447   -41.393233 -0.0036928331     0.026447   -41.393233 -0.0036928331  -0.027605  +0.003930   248.259452   +0.009265    44.527893   -2.889396            0  -6.11686
OQCEF_5   Drift             -41.093279   0.300000             0 +0.0000000000     0.025339   -41.093235 -0.0036928331     0.025339   -41.093235 -0.0036928331  -0.026426  +0.003930   248.254256   +0.008057    46.280426   -2.952381            0         0
O_CRAB_EF Drift             -37.093279   4.000000             0 +0.0000000000     0.010568   -37.093263 -0.0036928331     0.010568   -37.093263 -0.0036928331  -0.010707  +0.003930   248.254256   -0.008057    73.258661   -3.792178            0         0
OQCEF_5   Drift             -36.793279   0.300000             0 +0.0000000000     0.009460   -36.793265 -0.0036928331     0.009460   -36.793265 -0.0036928331  -0.009528  +0.003930   248.259452   -0.009265    75.552864   -3.855163            0         0
Q2EF_5    Quadrupole        -36.193279   0.600000             0 +0.0000000000     0.007244   -36.193269 -0.0036928331     0.007244   -36.193269 -0.0036928331  -0.007244  +0.003693   252.511625   -7.117758    78.926346   -1.735448            0  +2.83203
ODEF_5    Drift             -35.693279   0.500000             0 +0.0000000000     0.005398   -35.693272 -0.0036928331     0.005398   -35.693272 -0.0036928331  -0.005398  +0.003693   259.680532   -7.220055    80.674501   -1.760862            0         0
D1EF_5    Sbend             -32.770000   2.923279 -0.0036928331 +0.0000000000    -0.000000   -32.770000 -0.0000000000    -0.000000   -32.770000 -0.0000000000  +0.000000  +0.000000   303.641269   -7.818140    91.402679   -1.909025 +0.075847498  +0.00000
O2EF_5    Drift             -12.370000  20.400000             0 +0.0000000000    -0.000000   -12.370000 -0.0000000000    -0.000000   -12.370000 -0.0000000000  +0.000000  +0.000000   707.765429  -11.991867   190.436949   -2.945596            0         0
Q1EF_5    Quadrupole        -10.760000   1.610000             0 +0.0000000000    -0.000000   -10.760000 -0.0000000000    -0.000000   -10.760000 -0.0000000000  +0.000000  -0.000000   576.462491  +86.561280   254.037009  -39.828930            0  -5.85089
O1EF_5    Drift              -7.000000   3.760000             0 +0.0000000000    -0.000000    -7.000000 -0.0000000000    -0.000000    -7.000000 -0.0000000000  +0.000000  -0.000000   109.306612  +37.682305   641.888992  -63.323193            0         0
Q0EF_5    Quadrupole         -5.800000   1.200000             0 +0.0000000000    -0.000000    -5.800000 -0.0000000000    -0.000000    -5.800000 -0.0000000000  +0.000000  -0.000000    57.606949   +9.830508   590.232439 +101.754386            0 +13.12887
O0EF_5    Drift              +0.000000   5.800000             0 +0.0000000000    -0.000000    -0.000000 -0.0000000000    -0.000000    -0.000000 -0.0000000000  +0.000000  -0.000000     0.590000   +0.000000     0.057000   +0.000000            0         0
IP6       Marker             +0.000000   0.000000             0 +0.0000000000    -0.000000    -0.000000 -0.0000000000    -0.000000    -0.000000 -0.0000000000  +0.000000  -0.000000     0.590000   +0.000000     0.057000   +0.000000            0         0
O0ER_6    Drift              +5.300000   5.300000             0 +0.0000000000    -0.000000     5.300000 -0.0000000000    -0.000000     5.300000 -0.0000000000  -0.000000  -0.000000    48.200169   -8.983051   492.864018  -92.982456            0         0
Q1ER_6    Quadrupole         +7.100000   1.800000             0 +0.0000000000    -0.000000     7.100000 -0.0000000000    -0.000000     7.100000 -0.0000000000  -0.000000  -0.000000   149.119604  -59.909592   456.209019 +108.218120            0 +13.31534
O1ER_6    Drift              +7.600000   0.500000             0 +0.0000000000    -0.000000     7.600000 -0.0000000000    -0.000000     7.600000 -0.0000000000  -0.000000  -0.000000   215.048122  -71.947443   354.409099  +95.381721            0         0
Q2ER_6    Quadrupole         +9.000000   1.400000             0 +0.0000000000    -0.000000     9.000000 -0.0000000000    -0.000000     9.000000 -0.0000000000  -0.000000  -0.000000   334.836741   -2.081789   227.614027   +6.770146            0 -12.05946
O2ER_6    Drift              +9.500000   0.500000             0 +0.0000000000    -0.000000     9.500000 -0.0000000000    -0.000000     9.500000 -0.0000000000  -0.000000  -0.000000   336.922512   -2.089754   220.895323   +6.667264            0         0
D2ER_6    Sbend             +15.000075   5.500075 -0.0180766389 +0.0000000000     0.049710    14.999775  0.0180766389     0.049710    14.999775  0.0180766389  -0.049710  -0.018077   360.390696   -2.177363   153.718775   +5.544492 +0.197333528  +0.00000
O3ER_6    Drift             +37.700075  22.700000             0 +0.0000000000     0.460027    37.696067  0.0180766389     0.460027    37.696067  0.0180766389  -0.460061  -0.018077   467.451398   -2.538967     8.401073   +0.857169            0         0
Q3ER_6    Quadrupole        +38.300075   0.600000             0 +0.0000000000     0.470873    38.295969  0.0180766389     0.470873    38.295969  0.0180766389  -0.465495  +0.000000   459.607101  +15.510698     7.629325   +0.439092            0  -3.90130
OQCER_6   Drift             +38.600075   0.300000             0 +0.0000000000     0.476296    38.595920  0.0180766389     0.476296    38.595920  0.0180766389  -0.465495  +0.000000   450.347989  +15.353010     7.379940   +0.392189            0         0
O_CRAB_ER Drift             +42.600075   4.000000             0 +0.0000000000     0.548598    42.595266  0.0180766389     0.548598    42.595266  0.0180766389  -0.465495  +0.000000   335.933938  +13.250503     6.743940   -0.233189            0         0
OQCER_6   Drift             +42.900075   0.300000             0 +0.0000000000     0.554021    42.895217  0.0180766389     0.554021    42.895217  0.0180766389  -0.465495  +0.000000   328.030943  +13.092815     6.897925   -0.280092            0         0
Q4ER_6    Quadrupole        +43.500075   0.600000             0 +0.0000000000     0.564866    43.495119  0.0180766389     0.564866    43.495119  0.0180766389  -0.461090  +0.014660   306.526503  +22.521168     7.426523   -0.606465            0  -3.16148
O4ER_6    Drift             +54.200075  10.700000             0 +0.0000000000     0.758276    54.193371  0.0180766389     0.758276    54.193371  0.0180766389  -0.304228  +0.014660    14.391229   +4.781194    41.491371   -2.577166            0         0
Q5ER_6    Quadrupole        +54.800075   0.600000             0 +0.0000000000     0.769121    54.793273  0.0180766389     0.769121    54.793273  0.0180766389  -0.307794  -0.026627    10.155305   +2.469441    41.192446   +3.061764            0 +13.59297
O5ER_6    Drift             +63.030193   8.230119             0 +0.0000000000     0.917886    63.022047  0.0180766389     0.917886    63.022047  0.0180766389  -0.526940  -0.026627    16.851590   -3.283073     7.854240   +0.988992            0         0
Q6ER_6    Quadrupole        +63.630193   0.600000             0 +0.0000000000     0.928731    63.621949  0.0180766389     0.928731    63.621949  0.0180766389  -0.511319  +0.078176    18.784218   +0.191819     7.644731   -0.625964            0 -20.00000
OMER_6    Drift             +69.030193   5.400000             0 +0.0000000000     1.026340    69.021067  0.0180766389     1.026340    69.021067  0.0180766389  -0.089168  +0.078176    18.322057   -0.106234    19.714130   -1.609110            0         0
Q7ER_6    Quadrupole        +69.630193   0.600000             0 +0.0000000000     1.037185    69.620969  0.0180766389     1.037185    69.620969  0.0180766389  -0.045780  +0.067590    20.272360   -3.246431    19.776632   +1.508254            0 +15.82446
OMER_6    Drift             +75.030193   5.400000             0 +0.0000000000     1.134794    75.020086  0.0180766389     1.134794    75.020086  0.0180766389  +0.319205  +0.067590    71.932092   -6.320186     8.316116   +0.614063            0         0
Q8ER_6    Quadrupole        +75.630193   0.600000             0 +0.0000000000     1.145639    75.619988  0.0180766389     1.145639    75.619988  0.0180766389  +0.340004  +0.001048    70.834681   +8.075503     8.618685   -1.138342            0 -20.00000
OMER_6    Drift             +81.030193   5.400000             0 +0.0000000000     1.243248    81.019106  0.0180766389     1.243248    81.019106  0.0180766389  +0.345665  +0.001048    10.876982   +3.027774    28.680337   -2.576779            0         0
Q9ER_6    Quadrupole        +81.630193   0.600000             0 +0.0000000000     1.254093    81.619008  0.0180766389     1.254093    81.619008  0.0180766389  +0.356277  +0.034495     8.082866   +1.717930    30.133007   +0.202207            0  +9.58213
OMER_6    Drift             +87.030193   5.400000             0 +0.0000000000     1.351702    87.018126  0.0180766389     1.351702    87.018126  0.0180766389  +0.542553  +0.034495     3.783996   -0.921843    28.956452   +0.015674            0         0
Q10ER_6   Quadrupole        +87.630193   0.600000             0 +0.0000000000     1.362547    87.618028  0.0180766389     1.362547    87.618028  0.0180766389  +0.584907  +0.107605     5.433689   -1.899054    26.741431   +3.579143            0 +13.06247
ODER_6    Drift             +87.930193   0.300000             0 +0.0000000000     1.367970    87.917979  0.0180766389     1.367970    87.917979  0.0180766389  +0.617188  +0.107605     6.649419   -2.153379    24.640425   +3.424212            0         0
D3ER_6    Sbend             +90.853514   2.923320 +0.0188245462 +0.0000000000     1.393298    90.841146 -0.0007479074     1.393298    90.841146 -0.0007479074  +0.959248  +0.126430    26.482549   -4.631475     9.028474   +1.915328 -0.386633899  +0.00000
ODER_6    Drift             +91.153514   0.300000             0 +0.0000000000     1.393073    91.141146 -0.0007479074     1.393073    91.141146 -0.0007479074  +0.997177  +0.126430    29.337732   -4.885800     7.925815   +1.760203            0         0
Q11ER_6   Quadrupole        +91.753514   0.600000             0 +0.0000000000     1.392625    91.741146 -0.0007479074     1.392625    91.741146 -0.0007479074  +1.032329  -0.010039    32.900215   -0.892185     6.542479   +0.606629            0 -13.36780
ODER_6    Drift             +92.053514   0.300000             0 +0.0000000000     1.392400    92.041146 -0.0007479074     1.392400    92.041146 -0.0007479074  +1.029317  -0.010039    33.440439   -0.908562     6.197320   +0.543900            0         0
D3ER_6    Sbend             +94.976834   2.923320 +0.0188245462 +0.0000000000     1.362700    94.964272 -0.0195724536     1.362700    94.964272 -0.0195724536  +1.027486  +0.008786    39.218612   -1.068134     4.802582   -0.066877 -0.386633899  +0.00000
ODER_6    Drift             +95.276834   0.300000             0 +0.0000000000     1.356828    95.264214 -0.0195724536     1.356828    95.264214 -0.0195724536  +1.030122  +0.008786    39.864406   -1.084511     4.861532   -0.129623            0         0
Q12ER_6   Quadrupole        +95.876834   0.600000             0 +0.0000000000     1.345086    95.864100 -0.0195724536     1.345086    95.864100 -0.0195724536  +0.999952  -0.108773    38.434511   +3.412530     5.445080   -0.865253            0 -11.52301
ODER_6    Drift             +96.176834   0.300000             0 +0.0000000000     1.339214    96.164042 -0.0195724536     1.339214    96.164042 -0.0195724536  +0.967320  -0.108773    36.416603   +3.313827     5.993135   -0.961597            0         0
D3ER_6    Sbend             +99.100154   2.923320 +0.0188245462 +0.0000000000     1.254496    99.086091 -0.0383969998     1.254496    99.086091 -0.0383969998  +0.676874  -0.089948    19.854320   +2.352080    14.356570   -1.898834 -0.386633899  +0.00000
ODER_6    Drift             +99.400154   0.300000             0 +0.0000000000     1.242979    99.385870 -0.0383969998     1.242979    99.385870 -0.0383969998  +0.649889  -0.089948    18.472682   +2.253377    15.524742   -1.995073            0         0
Q13ER_6   Quadrupole       +100.000154   0.600000             0 +0.0000000000     1.219947    99.985428 -0.0383969998     1.219947    99.985428 -0.0383969998  +0.618196  -0.016313    17.086984   +0.109826    16.858422   -0.175551            0 +11.68944
OWSER_6   Drift            +100.400154   0.400000             0 +0.0000000000     1.204592   100.385133 -0.0383969998     1.204592   100.385133 -0.0383969998  +0.611671  -0.016313    17.008600   +0.086134    17.008646   -0.200009            0         0
MROT3     Marker           +100.400154   0.000000             0 +0.0000000000     1.204592   100.385133 -0.0383969998     1.204592   100.385133 -0.0383969998  +0.611671  -0.016313    17.008600   +0.086134    17.008646   -0.200009            0         0